000310
000433
000577
000750
000974
001185
001287
001316
001399
001583
001686
001710
002308
002770
003026
003028
003030
003261
003273
003345
003395
003402
003637
003895
003957
167501
167503
511680
750001
750002
750005
750006
000574
000639
000698
000794
000924
001075
001128
001358
001487
001543
001877
001915
002482
003715
184728
213001
213002
213003
213006
213007
213008
213009
213010
000744
000871
000886
000981
001056
001154
001829
001866
002123
002194
002745
004165
000084
000178
000200
000219
000246
000264
000277
000280
000652
000730
000734
000752
000783
000927
000936
001055
001125
001215
001236
001237
001238
001242
001277
001308
001394
001424
001429
001522
001545
001546
001578
001824
001911
001961
001993
001999
002008
002048
002095
002104
002109
002140
002142
002143
002150
002175
002198
002206
002208
002266
002354
002356
002447
002466
002476
002519
002530
002558
002568
002569
002578
002588
002595
002608
002610
002625
002641
002698
002716
002751
002754
002755
002761
002775
002781
002811
002813
002856
002904
002929
002930
002960
002970
002998
003023
003055
003119
003162
003206
003207
003210
003239
003258
003259
003260
003268
003331
003381
003434
003436
003557
003564
003566
003607
003651
003654
003675
003682
003703
003708
003730
003947
003950
003963
004034
004060
004091
004118
004136
004137
004149
004168
004175
004200
004307
004323
004334
050001
050002
050003
050004
050006
050007
050008
050009
050010
050011
050012
050013
050014
050015
050016
050018
050019
050020
050021
050022
050023
050024
050025
050026
050027
050028
050029
050030
050201
150225
150267
159908
159937
160505
160512
160513
160514
160515
160516
160517
160518
160519
160520
160522
160524
501100
510020
510410
510710
511210
511860
513500
000017
000042
000497
001480
002957
501001
501015
501026
501028
501032
720001
720002
720003
002901
003479
000496
001281
002146
003731
740001
740101
740601
000030
000254
000333
000339
000611
000615
000649
000768
000976
000977
001363
001613
001670
002225
002227
002296
002512
002542
002543
002703
003290
003466
003546
162006
162010
184722
200001
200002
200003
200006
200007
200008
200009
200010
200011
200012
200013
200015
200016
200017
003336
003363
000050
000063
000145
000225
000303
000354
000424
000534
000535
000598
000684
001197
001239
001892
002085
002089
002156
002283
002300
002571
002732
002789
002927
003099
003102
003169
003199
003490
003510
003594
003596
003641
003658
003922
004299
004312
080001
080002
080003
080005
080006
080007
080008
080009
080011
080012
080015
080016
080018
160805
160806
160807
160808
160809
160810
160812
160813
160814
502013
502040
502053
510080
510081
510700
519039
519100
002254
002858
002983
002996
003059
003126
003349
163001
163004
163006
163007
163008
501002
502016
519929
519931
519933
519935
519937
519939
519941
519943
519945
519947
519949
519951
519953
519955
519957
519959
519961
519963
519965
519967
519969
519971
519973
519975
519977
519979
519981
519983
519985
519987
519989
519991
519993
519995
519997
519999
001199
001662
001909
001977
002101
002210
002310
002311
002336
002337
002438
002464
002565
002921
003190
003192
003230
003232
003241
003289
003622
003624
003646
003749
004112
004322
000128
000130
000152
000357
000426
000587
000626
000628
000695
000724
000834
000865
001144
001159
001262
001263
001295
001300
001333
001364
001365
001517
001582
001697
001791
002081
002200
002236
002383
002567
002644
002763
002946
003147
003252
003373
003574
003575
003692
004117
090001
090002
090003
090004
090005
090006
090007
090008
090009
090010
090011
090012
090013
090015
090016
090017
090018
090019
090020
090021
090022
090023
096001
159906
159923
159932
159943
160910
160915
160916
160918
160919
160921
160922
160923
502036
510440
519017
519019
519300
519898
000300
000947
001179
001229
001259
001367
001401
001412
001652
001777
002240
002499
002704
003097
003132
003176
003469
003506
003902
004246
004260
167701
167702
770001
001120
001160
001196
001198
001318
001384
001450
001495
001614
001702
001987
002173
002174
002243
002480
002497
002545
002648
002896
003324
003530
003837
004005
004244
400001
400003
400005
400007
400009
400011
400013
400015
400016
400018
400020
400022
400023
400025
400027
400030
400032
000822
001899
002381
168301
000531
000958
001322
001323
002159
002270
002561
002919
003588
165806
165807
165809
580001
580002
580003
580005
580006
580007
580008
580009
582001
582002
582003
583001
585001
001708
002182
002465
002759
003208
000247
000797
001431
003787
003795
004214
167301
730001
730002
730003
000284
000755
001659
001861
002584
710001
710002
710301
710501
000029
000107
000139
000191
000197
000202
000220
000383
000469
000471
000513
000602
000634
000638
000810
000841
000880
000940
001048
001186
001268
001345
001349
001371
001508
001641
001827
001981
001985
002340
002483
002593
002692
002782
002898
002908
003877
003991
100007
100016
100018
100020
100022
100025
100026
100029
100032
100035
100038
100039
100050
100051
100053
100055
100056
100058
100060
100061
100066
100070
100072
161005
161010
161014
161015
161017
161019
161022
161024
161025
161026
161027
161028
161029
161030
161031
161032
161033
161035
161036
500015
510210
519035
519915
003467
000045
000074
000078
000184
000195
000236
000251
000263
000402
000528
000667
000677
000728
000760
000763
000793
000803
000831
000848
000893
000943
000991
001008
001043
001054
001140
001158
001171
001195
001245
001320
001409
001496
001650
001651
001714
001715
001716
001717
001718
001719
001720
001721
001722
002000
002005
002006
002007
002379
002387
002594
002603
002679
002750
002832
002997
003341
003342
003401
003551
003639
003705
003752
003789
004032
004085
004392
159905
164808
164809
164810
164811
164812
164814
164815
164818
164819
164820
164821
481001
481004
481006
481008
481009
481010
481012
481013
481015
481017
482002
483003
485105
485107
485111
485114
485118
485119
485120
485122
486001
486002
487016
487021
510060
519886
000210
000489
000589
001047
001463
001464
001740
001903
001939
001952
001968
001973
002305
002523
002772
002773
003105
003107
003109
003115
003117
003195
003197
003704
004457
360001
360003
360005
360006
360007
360008
360010
360011
360012
360013
360016
360017
360019
360021
000037
000117
000118
000167
000179
000214
000215
000267
000274
000348
000369
000389
000473
000475
000477
000509
000529
000550
000567
000702
000747
000748
000826
000885
000942
000968
000992
001064
001092
001115
001133
001180
001189
001206
001260
001290
001353
001355
001458
001460
001468
001469
001734
001741
001761
001763
001764
002025
002107
002116
002118
002120
002121
002122
002124
002126
002128
002129
002130
002132
002133
002134
002135
002295
002446
002622
002623
002624
002636
002711
002864
002925
002939
002941
002943
003017
003035
003037
003039
003178
003211
003223
003350
003376
003743
003746
003819
004021
004027
159907
159936
159938
159939
159940
159941
159944
159945
159946
162703
162711
162712
162714
162715
162717
162718
162719
270001
270002
270004
270005
270006
270007
270008
270009
270010
270021
270022
270023
270025
270026
270027
270028
270029
270041
270042
270043
270044
270046
270048
270050
502056
510360
510510
511950
512580
512680
519858
002020
003856
004245
000065
000203
000351
000761
000934
001392
001605
002087
002092
002097
002099
002114
002361
003972
164508
164509
450001
450002
450003
450004
450005
450007
450008
450009
450010
450011
450018
457001
000439
000454
000540
000749
001234
003002
004511
167601
501000
502020
762001
000412
000901
003762
000058
000059
000060
000417
000664
001007
001157
001221
001228
001359
001956
002365
002367
002368
003271
003275
003362
003541
003772
003774
004076
004081
004083
004129
004131
004326
162509
162510
162511
253010
253020
253030
253050
253060
253070
255010
257010
257020
257030
257040
257050
257060
257070
510170
000505
000613
000668
000895
000931
001096
001241
001521
001672
001826
001845
001846
001847
001931
001932
002148
002376
002720
003131
003285
003422
003514
004225
004258
004279
004301
004318
168001
510560
519563
519878
000103
000193
000199
000218
000302
000362
000367
000511
000512
000526
000742
000953
001265
001491
001542
001626
001645
001786
001813
001850
001922
001923
001936
002197
002458
002489
003515
003593
003686
003689
003694
003754
003756
003899
003941
003943
003945
020001
020002
020003
020005
020007
020009
020010
020011
020015
020018
020019
020021
020022
020023
020025
020026
020027
020029
020031
020033
020035
159917
160211
160212
160213
160215
160216
160217
160218
160219
160220
160221
160222
160224
160225
501017
501027
510230
511010
512660
512880
513100
518800
519020
519021
519606
000069
000165
000237
000523
000556
000558
000663
000781
000836
000845
000868
001029
001037
001094
001119
001137
001168
001169
001218
001266
001499
001584
001704
001838
001907
002039
002041
002242
002355
002358
002467
002677
002831
002964
003158
003710
121001
121002
121003
121005
121006
121007
121008
121009
121010
121011
121012
121013
121216
150001
159933
161207
161210
161211
161213
161216
161217
161219
161222
161223
161224
161225
161226
161227
161229
161230
161232
161233
004264
004491
004513
162307
162308
501300
510110
510113
510120
511220
511230
519003
519005
519007
519011
519013
519015
519023
519024
519025
519026
519027
519030
519032
519033
519034
519050
519051
519052
519055
519056
519059
519060
519061
519062
519130
519131
519132
519133
519134
519135
519136
519137
519138
519139
519220
519222
519224
519225
519226
519227
519229
519230
519505
519528
519601
519602
004332
000743
001283
001673
002023
002688
002709
002717
004708
005231
001753
002250
004967
005150
168401
001256
001357
001500
001695
001705
002138
002184
002562
002563
002734
002736
002738
002740
002742
002801
002808
002846
003997
004196
004965
000072
000149
000216
000227
000239
000294
000312
000373
000549
000590
000614
000708
000709
000820
000873
001028
001071
001072
001104
001139
001282
001311
001312
001445
001485
001532
001581
001694
001800
001905
002033
002037
002153
002179
002181
002238
002350
002363
002391
002398
002426
002768
002948
002953
003339
003508
003797
003799
003801
003803
003805
003847
004263
005136
005377
005521
040001
040002
040003
040004
040005
040006
040007
040008
040009
040011
040012
040015
040016
040018
040019
040020
040021
040022
040025
040026
040028
040030
040033
040035
040036
040038
040040
040042
040045
040046
040180
040190
159949
160415
160416
160417
160418
160419
160420
160421
160422
160423
510180
510190
512110
512120
513030
518880
519002
519909
000124
000601
000612
000753
000866
000867
000993
001088
001118
001324
001534
001967
002111
002152
002508
002634
003154
003876
004248
004281
004284
004335
004480
004481
004646
162411
162412
162413
162414
162415
240001
240002
240003
240004
240005
240006
240008
240009
240010
240011
240012
240014
240016
240017
240018
240019
240020
240021
240022
241001
241002
501021
501029
501301
510030
510280
511990
512000
512800
512810
000104
167901
000741
000028
000398
000500
000502
000622
000623
000757
000767
000898
001034
001086
001466
001563
001709
002064
002280
002412
002726
002728
002730
002853
003152
003182
004198
004285
005291
164105
410001
410002
410003
410004
410006
410007
410008
410009
410010
000785
001068
001797
000273
000324
000522
000646
000835
001212
001713
002883
003418
003680
159942
000279
000390
000463
000541
000609
000654
000800
000937
001106
001143
001448
001449
001457
001723
001751
001822
001933
001959
002596
002669
002924
003092
003403
003598
004189
004206
004423
166301
630001
630002
630003
630005
630006
630007
630008
630009
630010
630011
630012
630015
630016
000172
000186
000187
000421
000566
000877
000967
001069
001073
001074
001097
001214
001244
001247
001310
001340
001398
001456
001524
001533
001815
002069
002804
003175
003246
003413
003555
003591
003954
003970
004010
004012
004014
004113
004358
004394
164606
460001
460002
460005
460006
460007
460008
460009
460010
460220
460300
510220
510300
510303
510880
511830
512510
519519
004024
004374
004493
005159
005169
004860
005279
005467
005502
511670
000001
000011
000014
000015
000021
000031
000041
000047
000051
000061
000071
000121
000343
000645
000945
000948
000975
001001
001011
001015
001021
001031
001042
001045
001051
001052
001057
001061
001065
001077
001683
001924
001927
001929
002001
002011
002021
002031
002229
002230
002231
002251
002264
002345
002346
002348
002409
002411
002459
002552
002604
002699
002833
002835
002837
002838
002871
002873
002875
002877
002891
002894
002936
002980
003003
003005
003300
003301
003567
003697
003698
003820
003826
003834
003906
003964
004042
004046
004048
004050
004052
004054
004056
004061
004063
004202
004547
004637
004640
004672
004686
004720
004921
004923
005140
005177
005450
159902
159920
160311
160314
160322
160323
160324
288001
288002
288101
501050
510050
510330
510333
510610
510620
510630
510650
510660
511650
512500
512990
512993
513660
519029
519800
519908
519918
003684
003742
003845
003854
003884
003886
003888
003889
003891
004558
004560
005109
005360
000849
000965
001643
002332
002334
004351
540001
540002
540003
540004
540005
540006
540007
540008
540009
540010
540011
540012
000083
000122
000173
000174
000221
000248
000330
000366
000368
000395
000397
000406
000600
000696
000697
000762
000925
001050
001417
001490
001541
001668
001685
001725
001726
001796
001801
001816
002419
002420
002487
002746
002959
003189
003194
003528
003532
004089
004270
004419
004436
004451
004469
004534
004655
004774
004877
004946
005228
005379
005590
159005
159912
159928
159929
159930
159931
164701
164702
164703
164705
470006
470007
470008
470009
470010
470014
470018
470021
470028
470030
470058
470060
470068
470088
470098
470888
471007
471028
501005
501007
501009
501011
501030
501036
501039
501041
501047
501305
510810
519008
519018
519066
519068
519069
519078
519518
519888
001232
001571
001957
005090
000005
000008
000043
000082
000087
000113
000116
000176
000177
000183
000269
000340
000341
000414
000464
000485
000487
000581
000585
000595
000618
000711
000751
000870
000917
000985
000988
001036
001039
001044
001416
001539
001577
001616
001620
001637
001639
001688
001755
001756
001757
001758
001759
001760
001878
002149
002168
002211
002212
002221
002222
002548
002549
002550
002551
002744
002749
002991
003053
003056
003187
003292
003298
003458
003460
003461
003634
003879
003880
003984
004029
004030
004066
004115
004116
004173
004353
004355
004450
004477
004486
004487
004488
004501
004536
004544
004775
004916
005088
005156
005167
005267
005303
005612
070001
070002
070003
070005
070006
070008
070009
070010
070011
070012
070013
070015
070017
070018
070019
070020
070021
070022
070023
070025
070027
070028
070030
070031
070032
070033
070035
070037
070099
159910
159918
159919
159922
159926
159951
159955
160706
160716
160717
160718
160719
160720
160722
160723
505888
512550
512600
512610
512640
519808
000056
000105
000207
000270
000308
000346
000435
000478
000547
000592
000686
000693
000729
000756
000875
000994
001070
001166
001205
001253
001276
001304
001396
001397
001408
001473
001498
001519
001700
001781
001825
001858
001948
002281
002377
002378
002573
002585
002758
002952
003022
003319
003391
003394
003400
003427
003583
003590
003681
003830
003831
003844
004182
004413
004570
004617
004652
004668
004683
004730
005217
005259
005375
159916
165309
165310
165311
165312
165313
165315
165316
165317
501101
501102
501103
501105
510093
530001
530002
530003
530005
530006
530008
530009
530010
530011
530012
530014
530015
530016
530017
530018
530019
530020
530021
530028
530029
530030
531008
539001
539002
539003
001675
002448
002630
002723
003390
003424
003425
004185
000710
002889
003042
003482
003900
003901
003968
004064
004074
004075
004207
004868
004975
005001
005002
159913
164902
164905
164906
164907
164908
510010
519588
519680
519683
519686
519688
519690
519692
519694
519696
519697
519698
519700
519702
519704
519706
519709
519710
519712
519714
519716
519718
519721
519723
519726
519727
519729
519730
519732
519733
519736
519738
519740
519743
519746
519748
519749
519752
519753
519755
519756
519762
519764
519766
519767
519768
519770
519772
519773
519774
519776
519778
519779
519781
519782
519784
519786
002256
002810
002849
002862
002863
004077
004222
004223
004400
005117
000110
001167
001298
001366
001951
002303
002490
002586
002681
002844
003163
003384
003484
003502
003733
003833
003852
003853
004033
004040
004044
004045
004211
004265
004267
004372
005010
162102
162105
162107
162108
210001
210002
210003
210004
210005
210006
210007
210008
210009
210010
210012
210014
003135
003897
004072
004093
004685
005817
005818
620001
620002
620003
620004
620005
620006
620007
620008
620009
620010
000020
000181
000242
000252
000311
000380
000385
000411
000418
000465
000532
000586
000688
000701
000772
000978
000979
001194
001361
001362
001422
001455
001506
001535
001750
001854
001920
001974
001975
002065
002244
002792
002796
002842
003315
003318
003407
003409
003504
003603
003605
004476
004707
005007
005258
005325
005327
005457
005832
159924
159935
162605
162607
260101
260102
260103
260104
260108
260109
260110
260111
260112
260115
260116
260117
261001
261002
262001
263001
510420
512220
000892
001305
001680
001782
001839
001842
001897
002384
002453
002840
168101
168102
168103
168104
168105
168106
168108
000067
000089
000136
000137
000371
000408
000798
000799
000884
000984
001220
001273
001274
001352
002449
002452
002455
002518
002547
002649
002683
002684
002706
003306
003382
003478
003656
004124
004254
004532
004710
005951
166902
166904
690001
690002
690003
690004
690005
690006
690007
690008
690009
690010
690011
690012
000024
000064
000309
000415
000419
000594
001291
001348
001655
001738
001859
002707
002708
002885
003312
163302
163303
233001
233005
233006
233007
233008
233009
233010
233011
233012
233015
000022
000086
000326
000327
000355
000452
000493
000527
000554
000561
000563
000687
000816
000844
000955
000997
001053
001113
001181
001183
001334
001335
001420
001421
001536
001566
001570
001573
001667
001691
001692
001696
001771
001772
001979
001988
002015
002160
002167
002218
002220
002293
002324
002400
002527
002577
002655
002656
002850
002851
002900
002906
002931
003033
003064
003161
003295
003332
003337
003406
003473
003476
003477
003610
003612
003776
003807
003936
003938
003956
004069
004180
004224
004357
004429
004432
004443
004446
004517
004555
004597
004625
004642
004648
004702
004703
004705
004970
005024
005059
005123
005215
005393
005397
005403
005461
005469
005470
005476
005554
005741
005742
005788
005810
159903
159925
159948
160105
160106
160119
160121
160123
160125
160127
160128
160130
160131
160133
160135
160136
160137
160138
160140
160142
202001
202002
202003
202005
202007
202009
202011
202015
202017
202019
202021
202023
202025
202027
202101
202102
202105
202108
202202
202211
202212
202213
202301
202303
202305
202307
202801
501108
501302
510160
510290
510500
512100
512160
512200
512300
512310
512330
512340
512400
512700
512900
513600
004845
005047
005086
005296
005625
000039
000127
000259
000322
000336
000462
000907
000913
001319
001606
001656
001940
001991
002189
002190
002191
003050
003051
003526
003691
004097
004134
004341
004741
004906
005061
005492
005638
005815
005921
660001
660002
660003
660004
660005
660006
660007
660008
660009
660010
660011
660012
660013
660014
660015
660016
000066
000151
000201
000235
000510
000521
000538
000559
000640
000714
000736
000771
000971
001020
001208
001351
001411
001528
001706
001707
001743
001744
001780
002067
002137
002145
002291
002292
002299
002560
005448
005547
005548
159921
163208
163209
163210
320001
320002
320003
320004
320005
320006
320007
320008
320010
320011
320012
320013
320014
320015
320016
320017
320018
320020
320021
320022
510260
510520
002672
003561
004987
005082
005290
005293
005294
005295
005674
165705
165706
165707
570001
570005
570006
570007
570008
571002
573003
000007
000053
000054
000143
000289
000290
000291
000295
000297
000329
000338
000345
000409
000431
000548
000569
000778
000780
000854
000905
001067
001122
001172
001188
001190
001222
001223
001230
001325
001327
001329
001331
001336
001453
001492
001666
002018
002188
002259
002318
002395
002504
002643
002695
002714
002809
002868
002913
003122
003142
003165
003186
003209
003224
003280
003343
003367
003411
003495
003527
003547
003662
003663
003741
003780
003828
003835
003983
004096
004100
004127
004292
004388
004438
004463
004489
004498
004499
004503
004504
004514
004684
004776
004896
004986
005028
005268
005416
005422
005434
005632
005812
005831
005870
005967
006029
159911
159927
160602
160603
160605
160606
160607
160610
160611
160612
160613
160615
160616
160617
160618
160620
160621
160622
160624
160625
160626
160627
160628
160629
160630
160631
160632
160633
160634
160635
160636
160637
160638
160639
160640
160642
160643
160644
184693
184801
206001
206002
206003
206005
206006
206007
206008
206009
206010
206011
206012
206013
206015
206016
206018
501023
501025
502023
510070
000379
000739
000759
001609
002282
002304
002537
700001
700002
700003
700004
700005
166401
519110
519111
519113
519115
519116
519117
519118
519120
519121
519123
519125
519126
519127
519128
519170
519171
519509
519566
000423
000536
000596
000656
000689
000690
000788
000916
000932
000969
001027
001060
001102
001103
001162
001178
001209
001278
001302
001837
001849
001870
001875
001942
002407
002495
002662
002690
002971
003218
003254
003492
003993
004218
004290
004320
004368
004453
004473
004496
004602
004680
005323
005328
005453
005541
005720
005809
006090
006145
164401
164402
164403
000142
000278
000315
000394
000437
000466
000717
000727
001150
001852
002955
150160
161601
161603
161604
161605
161606
161607
161608
161609
161610
161611
161612
161613
161614
161616
161618
161620
161622
161624
500038
001175
003179
003659
005226
000480
000619
000970
001112
001202
001203
001405
001564
001862
001906
001945
002650
002651
002701
003668
005056
169101
169102
169106
501066
000073
000125
000256
000257
000328
000377
000457
000524
000616
000685
000712
000839
000855
000887
000889
001009
001126
001192
001219
001984
370010
370021
370023
370024
370025
370027
371020
372010
373010
373020
375010
376510
377010
377016
377020
377150
377240
377530
378006
378010
378546
379010
510450
968000
968011
000520
000542
002486
002733
004138
004449
005199
005431
005432
005666
001148
001156
001201
002510
003493
003601
003986
004135
004769
004951
005009
005370
005418
005825
005936
163109
163110
163111
163112
163113
163114
163115
163116
163118
163119
310308
310318
310328
310338
310358
310368
310378
310388
310398
310508
310518
000732
000026
000169
000319
000387
000507
000828
001017
001141
001170
001254
001418
001894
002470
162201
162202
162203
162204
162205
162206
162207
162208
162209
162210
162211
162212
162213
162214
162215
162216
229001
229002
001477
000212
001569
001970
162907
290001
290002
290003
290004
290005
290006
290007
290008
290009
290010
290011
290012
290014
000198
000244
000306
000573
000670
000775
000961
000962
001030
001038
001210
001250
001484
001486
001548
001586
001588
001590
001599
001611
164205
164207
164208
164210
420001
420002
420003
420005
420006
420008
420009
000080
163503
350001
350002
350004
350005
350006
350007
350008
350009
000773
001488
161902
161903
161907
161908
161910
161911
510680
519180
519181
519183
519185
519186
519188
519190
519191
519192
519195
519508
519511
502000
671010
673010
673030
675011
675021
000434
000584
000610
000819
000900
000903
000972
000973
001040
002421
164302
164304
519087
519089
519091
519093
519095
519097
519099
519150
519152
519156
519158
519160
519162
519165
519167
002247
002778
002780
003174
003180
003471
003475
003498
003581
003928
004128
004634
004693
004699
004809
005378
005671
005722
006203
000483
000578
000655
000694
000896
000909
001527
000681
001105
166105
610001
610002
610003
610004
610005
610006
610007
610008
000546
000721
000963
001019
001623
001624
002301
002330
002498
002524
000575
001819
163402
163406
163407
163409
163411
163412
163415
340001
340005
340006
340007
340008
340009
000009
000032
000111
000147
000171
000189
000205
000265
000359
000404
000428
000436
000603
000620
000647
000704
000789
000950
001010
001018
001076
001136
001184
001216
001314
001512
002351
002600
110001
110002
110003
110005
110006
110007
110009
110010
110011
110012
110013
110015
110017
110019
110020
110021
110022
110023
110025
110026
110027
110029
110030
110031
110035
110037
110050
110052
112002
118001
118002
159001
159901
159915
159934
161115
161116
161117
161118
161119
500056
502003
502006
502048
510130
510313
510903
512010
512070
000410
001135
560001
560002
560003
560005
560006
150005
150103
151001
151002
161506
161507
500058
519651
519652
519654
519655
519656
519660
519662
519664
519666
519668
519669
519670
519671
519672
519673
519674
519675
519676
519677
519678
519679
000062
000194
000286
000287
000604
000657
000823
000860
000904
001101
001163
001231
001264
001954
002269
002481
002491
002501
161810
161811
161812
161813
161815
161816
161818
161819
161820
161821
161823
161825
161826
161827
161831
161832
180001
180002
180003
180008
180010
180012
180013
180015
180018
180020
180025
180028
180029
180031
180033
183001
510433
511880
519001
000458
000912
001270
650001
000533
000629
000824
001736
002932
000126
000314
000391
000530
000588
000644
000679
000746
000808
000960
001531
001628
002271
002317
002776
159003
159909
161706
161713
161714
161715
161716
161718
161719
161720
161721
161722
161723
161724
217001
217002
217003
217004
217005
217008
217009
217010
217011
217012
217013
217015
217016
217017
217018
217019
217020
217021
217022
217023
217024
217025
217027
510150
001540
000935
166801
166802
686868
688888
000003
000166
000298
000316
000597
000674
000878
001005
001252
001279
001574
002214
163907
163909
392001
393001
395001
395011
398001
398011
398021
398031
398041
398051
398061
399001
399011
000331
000552
000914
002027
000801
000882
001059
000894
001000
001110
001117
001164
001173
001211
001776
001811
001938
166001
166002
166003
166005
166006
166007
166008
166009
166010
166011
166012
166014
166016
166019
166020
166021
000400
000847
000928
001014
168201
168203
168204
000092
000209
000260
000360
000405
000551
000599
000806
001402
001494
165508
165509
165510
165511
165512
165513
165515
165516
165518
165519
165520
165521
165522
165525
165526
550001
550002
550003
550004
550006
550008
550009
550010
550012
550017
550018
000503
000738
000804
000926
001006
002601
000049
000057
000120
000132
000190
000305
000372
000432
000539
000572
000591
000631
000699
000805
000817
000939
000996
001035
001127
001235
001370
002195
002535
163801
163802
163803
163804
163805
163806
163807
163808
163809
163810
163811
163813
163816
163818
163819
163821
163822
163823
163824
163825
163827
380001
380003
380005
380007
380009
380010
510273
000271
000545
000571
000576
000706
000921
000966
001224
002274
590001
590002
590003
590005
590006
590007
590008
590009
